Date	1996	1997	1998	1999	2000	2001	2002	2003	2004	2005	2006	2007	2008	2009	2010	2011	2012	2013	2014	2015
7/1/96	98	86	91	84	89	85	90	90	73	83	91	93	95	85	95	87	92	105	82	90
7/2/96	97	90	88	82	92	87	90	90	81	81	89	94	85	87	90	84	94	93	85	93
7/3/96	97	93	91	87	94	87	87	87	87	86	86	94	82	91	89	83	95	99	76	87
7/4/96	90	92	91	88	95	85	89	89	86	88	86	92	86	90	91	85	92	98	77	84
7/5/96	89	84	91	90	96	86	93	93	80	90	89	90	88	88	80	88	90	100	83	86
7/6/96	93	84	89	91	96	87	94	94	84	90	82	81	87	82	87	89	90	98	83	87
7/7/96	94	75	93	83	96	87	89	89	87	89	76	80	82	88	86	94	94	93	79	89
7/8/96	91	87	95	86	92	89	89	89	90	87	88	82	82	90	82	97	94	95	88	90
7/9/96	93	85	95	87	96	91	90	90	89	88	89	84	89	89	84	96	91	97	88	90
7/10/96	93	87	94	87	99	87	91	91	85	89	78	85	86	87	84	90	92	95	87	87
7/11/96	90	85	92	83	96	90	85	85	85	90	83	90	85	89	86	93	95	90	80	85
7/12/96	92	88	86	77	93	90	77	77	86	89	86	91	87	93	90	90	95	84	87	90
7/13/96	93	86	88	74	92	86	83	83	87	91	84	92	86	85	84	91	97	90	78	89
7/14/96	93	90	87	81	94	83	88	88	84	92	87	92	84	88	89	91	90	90	85	90
7/15/96	83	91	92	81	94	83	91	91	86	85	84	91	81	89	89	94	80	90	86	86
7/16/96	91	91	87	86	94	85	93	93	88	85	85	91	86	89	90	89	85	92	87	83
7/17/96	96	89	90	82	94	87	94	94	88	84	89	93	89	88	88	87	87	93	91	86
7/18/96	95	89	92	87	98	88	93	93	88	87	90	94	89	90	82	83	89	93	87	82
7/19/96	96	89	95	88	100	90	94	94	88	85	89	96	88	91	80	90	94	91	90	85
7/20/96	99	90	92	90	99	87	92	92	88	88	89	93	86	94	82	91	91	84	86	76
7/21/96	91	89	91	90	93	84	95	95	89	89	90	94	86	95	86	94	92	90	87	82
7/22/96	95	85	89	92	96	87	91	91	86	89	91	91	79	92	84	95	94	95	85	83
7/23/96	92	87	91	94	87	90	89	89	81	94	91	86	82	87	87	97	92	97	84	88
7/24/96	93	88	91	94	83	84	87	87	83	95	90	87	87	88	88	94	92	97	86	87
7/25/96	85	89	86	91	75	83	85	85	85	89	92	88	87	89	90	95	90	98	89	88
7/26/96	85	89	88	93	83	88	86	86	87	87	94	93	87	87	92	95	94	98	86	89
7/27/96	82	91	80	94	88	90	89	89	87	85	92	95	90	90	90	93	94	97	82	92
7/28/96	79	92	88	93	92	84	91	91	89	89	90	96	89	93	89	90	90	97	86	90
7/29/96	90	89	89	94	89	89	91	91	88	87	83	91	87	92	85	94	93	94	86	82
7/30/96	92	88	90	97	87	89	88	88	86	89	78	91	92	90	82	95	96	96	90	84
7/31/96	87	72	86	99	86	87	90	90	88	90	84	94	90	88	85	95	96	88	80	85
8/1/96	86	80	86	96	86	85	93	93	85	91	82	95	92	89	89	96	91	94	87	81
8/2/96	90	84	82	94	81	84	92	92	84	90	86	95	92	92	83	84	96	99	89	84
8/3/96	85	88	84	88	85	85	91	91	84	91	88	97	94	91	90	92	97	94	88	88
8/4/96	91	89	86	89	88	86	92	92	83	92	91	98	97	91	92	95	85	87	90	90
8/5/96	93	88	90	92	91	88	94	94	85	90	88	96	96	92	92	93	96	90	88	89
8/6/96	88	85	89	93	92	85	97	97	82	84	86	89	98	94	89	93	93	86	88	92
8/7/96	91	84	89	94	92	86	87	87	84	81	80	97	98	90	91	91	93	84	86	95
8/8/96	85	80	86	94	92	88	87	87	85	83	82	96	100	86	92	93	94	92	83	90
8/9/96	90	73	83	92	96	87	86	86	86	84	85	95	103	85	93	94	91	88	89	89
8/10/96	89	80	87	90	95	88	88	88	87	75	83	96	103	85	93	94	95	87	90	86
8/11/96	88	86	88	96	90	86	89	89	85	82	87	88	100	88	95	95	94	85	90	83
8/12/96	86	88	85	98	90	86	91	91	81	80	88	84	90	81	86	95	95	88	90	88
8/13/96	85	88	86	97	87	81	92	92	87	77	86	81	100	81	90	96	95	91	89	84
8/14/96	86	87	80	98	89	87	89	89	89	82	90	87	99	84	90	89	94	88	83	85
8/15/96	89	88	82	93	94	85	88	88	90	82	92	86	102	87	90	90	88	85	73	87
8/16/96	90	91	86	94	97	90	90	90	86	84	89	89	101	86	88	90	90	91	67	88
8/17/96	91	91	85	96	99	92	91	91	89	86	90	86	101	85	87	91	92	87	66	89
8/18/96	92	89	87	98	101	91	93	93	90	86	90	88	97	86	88	93	94	87	77	89
8/19/96	90	89	90	98	97	87	91	91	90	89	89	88	95	90	90	92	96	84	82	86
8/20/96	89	88	79	89	87	86	94	94	87	88	92	93	96	90	88	93	93	84	84	89
8/21/96	90	82	84	92	75	88	94	94	88	83	94	91	99	85	88	93	94	88	84	92
8/22/96	91	79	87	92	84	90	91	91	88	85	93	88	104	82	85	94	98	84	88	93
8/23/96	91	81	87	90	86	88	95	95	90	84	87	87	98	78	81	93	92	88	90	93
8/24/96	91	82	88	80	91	93	94	94	89	87	85	83	95	83	86	90	93	86	84	88
8/25/96	85	84	90	83	89	90	92	92	88	83	84	85	94	78	87	89	95	85	82	84
8/26/96	88	87	92	89	90	91	88	88	89	86	84	88	92	83	90	90	99	90	82	86
8/27/96	84	90	89	88	78	92	84	84	90	88	86	88	88	80	83	89	95	90	86	88
8/28/96	86	90	90	90	91	81	83	83	92	90	86	90	88	86	75	87	95	80	90	91
8/29/96	88	91	93	91	86	86	83	83	89	87	85	90	89	89	86	84	93	86	92	92
8/30/96	84	91	93	91	84	81	78	78	88	88	85	88	89	89	79	85	90	80	87	88
8/31/96	83	88	91	84	75	83	77	77	89	87	85	80	86	88	79	89	92	89	90	89
9/1/96	80	89	87	88	79	80	84	84	88	83	85	85	84	81	71	90	95	91	90	90
9/2/96	74	91	85	91	81	75	85	85	86	80	88	86	83	85	78	91	96	89	84	90
9/3/96	87	93	77	85	83	74	89	89	87	81	87	85	88	83	79	92	95	85	90	92
9/4/96	85	81	90	93	87	81	95	95	87	82	85	88	91	85	83	84	80	77	89	82
9/5/96	87	81	92	96	81	90	94	94	84	84	81	83	89	88	83	85	78	85	89	89
9/6/96	89	83	89	96	66	88	92	92	73	81	81	85	85	87	85	90	75	85	88	91
9/7/96	89	86	90	92	66	87	88	88	76	74	83	80	86	89	84	91	69	92	88	90
9/8/96	89	88	89	92	76	86	87	87	81	74	85	83	88	90	87	93	73	88	91	84
9/9/96	91	84	79	77	80	86	91	91	82	85	86	83	89	88	84	92	81	83	90	84
9/10/96	85	80	78	87	83	89	95	95	79	85	84	85	89	87	80	94	84	84	89	86
9/11/96	86	83	81	87	85	87	95	95	80	84	84	84	89	83	75	96	86	83	89	90
9/12/96	88	86	84	87	86	84	90	90	81	82	86	78	86	87	81	89	87	81	90	92
9/13/96	78	87	89	86	87	84	76	76	85	79	88	70	85	86	80	86	89	81	87	86
9/14/96	79	87	87	87	86	86	78	78	83	79	88	80	81	88	82	91	92	83	82	78
9/15/96	86	88	87	89	80	77	75	75	82	73	91	82	82	79	79	91	86	87	84	80
9/16/96	83	88	88	81	75	77	88	88	81	75	88	83	76	80	82	89	72	86	89	86
9/17/96	83	90	87	81	73	81	86	86	81	80	86	85	78	69	73	95	79	83	79	86
9/18/96	78	88	82	82	74	81	81	81	81	79	88	85	79	82	80	93	77	79	78	85
9/19/96	79	92	80	79	84	82	80	80	84	78	90	79	82	81	74	92	77	81	84	84
9/20/96	79	95	82	68	87	85	86	86	87	73	90	73	81	79	81	96	82	79	86	83
9/21/96	78	89	83	79	77	86	85	85	82	75	90	75	78	75	79	95	86	85	73	87
9/22/96	81	70	88	72	73	87	77	77	76	80	86	82	86	84	84	92	80	87	82	82
9/23/96	85	80	84	76	81	88	82	82	81	85	87	86	83	82	83	91	83	81	82	77
9/24/96	85	83	81	78	85	69	73	73	80	82	88	84	89	78	85	88	82	78	71	78
9/25/96	87	67	83	81	83	67	69	69	83	81	85	75	87	82	87	93	88	82	67	77
9/26/96	85	70	85	82	68	72	75	75	82	79	77	78	84	81	85	76	86	86	78	74
9/27/96	79	65	87	78	71	76	76	76	83	72	86	79	85	77	80	81	84	88	79	78
9/28/96	75	68	80	80	76	78	79	79	73	78	85	81	85	86	83	76	79	86	77	74
9/29/96	72	77	75	77	73	71	74	74	67	78	85	70	81	86	72	79	84	84	76	71
9/30/96	65	86	76	71	75	71	79	79	71	80	82	75	79	87	74	76	78	72	77	84
10/1/96	66	76	86	74	77	76	83	83	72	82	83	83	80	74	76	79	65	75	82	86
10/2/96	72	73	78	76	79	80	85	85	68	82	85	81	82	74	75	78	68	72	82	85
10/3/96	84	75	77	84	83	81	84	84	67	80	83	82	77	80	76	68	75	74	82	78
10/4/96	70	78	83	71	81	80	82	82	77	81	85	84	80	83	74	67	80	82	85	65
10/5/96	66	81	82	74	83	79	87	87	78	80	81	86	81	83	62	70	83	82	84	71
10/6/96	65	83	73	71	73	70	86	86	76	75	72	76	82	82	71	73	81	83	84	78
10/7/96	60	83	82	74	66	68	80	80	73	75	72	72	83	82	79	81	79	68	74	82
10/8/96	78	82	69	75	56	67	71	71	74	73	73	72	83	72	80	82	78	63	72	86
10/9/96	70	80	72	72	56	67	66	66	73	71	70	79	81	75	85	85	72	70	76	86
10/10/96	72	82	74	72	64	74	70	70	74	71	77	80	81	77	74	86	68	73	80	86
10/11/96	69	82	78	74	71	75	78	78	66	77	82	80	67	78	77	86	65	75	79	86
10/12/96	69	79	78	70	73	78	84	84	78	74	74	71	72	77	66	80	73	79	81	85
10/13/96	73	80	78	65	76	78	79	79	78	65	77	62	74	77	73	80	74	75	82	85
10/14/96	79	68	76	76	76	76	68	68	78	63	78	69	78	80	66	73	77	77	77	75
10/15/96	81	63	79	73	77	75	57	57	69	62	79	70	78	81	61	78	80	77	68	69
10/16/96	80	57	78	77	80	62	66	66	72	71	76	59	76	83	61	76	84	74	74	70
10/17/96	83	67	77	80	80	60	64	64	68	75	75	71	82	69	51	80	85	75	72	80
10/18/96	67	65	78	71	80	65	68	68	70	73	81	77	77	67	55	78	80	74	73	76
10/19/96	63	69	82	67	73	71	71	71	76	68	83	76	76	65	61	82	67	73	63	73
10/20/96	68	70	75	60	74	76	73	73	78	71	83	69	75	66	68	77	59	71	70	73
10/21/96	79	70	74	65	76	79	71	71	84	74	80	69	78	72	71	80	63	76	72	77
10/22/96	81	62	64	73	79	80	64	64	78	73	67	70	72	68	74	78	68	79	69	70
10/23/96	69	63	63	58	76	81	59	59	78	70	70	53	81	62	72	76	70	78	63	72
10/24/96	73	62	72	59	76	79	68	68	74	74	56	56	59	54	69	81	73	79	66	74
10/25/96	73	75	76	64	78	73	60	60	74	78	54	55	61	67	65	76	76	80	56	77
10/26/96	75	71	79	69	75	64	68	68	68	79	61	62	68	70	65	85	77	80	61	84
10/27/96	76	60	80	75	78	51	69	69	65	81	63	66	67	59	60	76	79	70	69	84
10/28/96	83	57	80	74	80	56	75	75	58	78	62	63	70	50	71	74	74	56	64	77
10/29/96	85	65	79	72	75	64	76	76	70	75	64	72	62	59	75	68	59	56	75	73
10/30/96	82	68	83	75	78	72	69	69	77	79	69	73	67	65	66	71	61	56	78	68
10/31/96	81	61	80	76	78	71	60	60	77	82	70	68	71	67	69	75	65	65	74	63